`.Random.seed` <-
c(403L, 20L, -1789564306L, -1433662904L, -407217077L, -829391447L, 
-1628704520L, 1098871846L, 635761985L, 1998717651L, 1388612226L, 
-769511244L, -1203347401L, -1109003475L, 1020258372L, -586721942L, 
1358070229L, -842500241L, -1762185610L, -2080906848L, 969991779L, 
-2085093631L, 319835760L, -1837389298L, -1558486407L, -542724597L, 
251871034L, -310737348L, -1752060545L, -1329627435L, -1538470164L, 
1859944514L, -1190746211L, 606058007L, -1512699010L, -117864136L, 
1921181211L, 2036967289L, 773284296L, 1997684214L, -1466998735L, 
-1683862941L, 1935873586L, -1804115068L, -2028404281L, 1713137821L, 
-1027891180L, -647629126L, 342484741L, 1248314591L, -406559386L, 
1864945904L, -1773939693L, 1679874481L, -411388832L, -730217986L, 
-1839626871L, -1776172357L, -286986614L, -1249457812L, 2123296495L, 
879327525L, 1057961948L, 2021463474L, -2008283987L, 385410151L, 
-1957307506L, 1871723624L, -747358101L, 1520214537L, -2037879656L, 
-630743098L, 2016359201L, 890625971L, 1774335778L, -853718764L, 
1474726295L, 669522317L, -2120269660L, 1976040074L, -360779531L, 
-849979569L, -418623402L, -1692550400L, 1969835587L, 772240865L, 
1821991248L, 180238254L, 1297714521L, 1175706475L, -296199462L, 
2146646940L, -1747228769L, -320885259L, -29720436L, 298140002L, 
1385954621L, 1871465911L, -404948386L, 1599064984L, 869573371L, 
1787456153L, 611054376L, 1290682838L, 370257489L, 1188908291L, 
2026135698L, 1430599204L, 1741359335L, 745438525L, 214243764L, 
-2106309094L, -714742427L, 403180543L, -843928954L, -1836869104L, 
-1753841485L, -1433609391L, -97962240L, 724833758L, 135208489L, 
833934811L, 647256810L, -822191988L, -2087974961L, 512171909L, 
562277436L, -712606446L, -1046922739L, 1031573831L, -1794714834L, 
1986203272L, 1158342539L, 493815657L, 59832632L, 1076773862L, 
653218689L, 1369705235L, -550652734L, -667922572L, -1223535753L, 
-151968659L, -1384375548L, 466117162L, 1070239637L, 928453679L, 
426126646L, -2024802976L, 183956387L, -2119904063L, 1235309744L, 
-838929458L, 18896697L, -1713871029L, -1937107718L, -386806276L, 
408706623L, -1602526443L, -1252073428L, -1241194238L, -165836323L, 
-1982785321L, -535190594L, 1294394872L, -215809573L, 1137528889L, 
-1720096376L, -756923082L, -341721231L, 287829411L, 1471082738L, 
-662606780L, 1994888967L, -199002403L, -118556716L, 100075258L, 
-953484731L, 1508702879L, 316250150L, -1291793232L, -2132877997L, 
-1365489551L, 865293728L, 1887471934L, 955717705L, -854708997L, 
188679370L, -114902484L, 139378223L, -570130715L, -929500260L, 
-120646158L, 1081380973L, -343311961L, 694037454L, 1070125352L, 
1571918635L, -2010812087L, -1718155688L, -1287235834L, 1745769185L, 
-1871972749L, 64446178L, 1429922388L, 1854294871L, -1206128819L, 
1261916900L, 1489861322L, -1192053963L, -1069385329L, -508367210L, 
-1565716928L, 895112963L, -232026335L, -299288560L, 121266158L, 
1672568729L, 577325099L, 1740287258L, 203292636L, -1353424417L, 
640230837L, 563946316L, -338525790L, 100020477L, -2139062793L, 
1587317534L, 1597593048L, 580783931L, 309971296L, -516225012L, 
274508000L, -1138014622L, 438333608L, 774625356L, -1558890628L, 
257621298L, -1777832336L, -259455164L, 229387224L, -1907298438L, 
-754432976L, -1711439940L, -1834149292L, -257396670L, 1116706464L, 
-119567684L, -1221433392L, -3184286L, -393311512L, -657353524L, 
341166588L, -1488498190L, -788983680L, -1396847116L, 1503775368L, 
-1574525126L, 1920457040L, 496769132L, 179053972L, 2001841234L, 
2080059872L, -1817247540L, -1999926624L, 154841474L, -1229916952L, 
1396497132L, 1944236348L, -1453601678L, -1445224848L, -873613788L, 
1600618552L, 995628314L, 2081190096L, -1252446916L, -1845047404L, 
177780610L, 100978624L, 321261116L, 2001707408L, 991224866L, 
1610268936L, -2043550580L, 2018505500L, -1876897646L, 421314944L, 
-1692034028L, -1642277080L, 916979258L, -1520811568L, 75063660L, 
1864003508L, 1209890322L, 1793479648L, 1206834636L, 1130292448L, 
653862946L, 285085480L, -153295348L, -264352964L, 2089810930L, 
-665988368L, -442301884L, -613718440L, 123301690L, 2135796720L, 
701177532L, 1902722324L, -997744446L, 4621408L, -2077650564L, 
-519327792L, 1536624930L, -1034084696L, 772821900L, -1970481988L, 
601220914L, 2054632000L, 1490685108L, 1680204872L, -1239850566L, 
852667920L, 451864812L, -659312300L, 360345362L, 1733645728L, 
89385676L, -581441952L, 1614086082L, -1595049176L, 273163692L, 
-942950084L, 1815844722L, -1884718800L, 1875160868L, -1185989320L, 
1596357338L, -718166128L, -1478360324L, 1943506836L, 1206622274L, 
2143354112L, -1542990788L, 1617487184L, -858421086L, 1906251592L, 
733802252L, -868734244L, 403286866L, -1255628160L, -868571052L, 
843277288L, 1011463930L, -1089261232L, -379303124L, 750067572L, 
267869074L, 303914592L, 997801868L, -545774752L, 675626978L, 
-358539352L, 1572201676L, -72606212L, 1523557298L, 54669808L, 
-547294780L, 1511866712L, -2036001414L, 1601491376L, 1808572348L, 
-1799909292L, 639062978L, -1671218144L, -828064580L, -1107815856L, 
-1073866782L, -1659638168L, -142796212L, -271093508L, -1330987022L, 
1261655296L, -434942092L, -1344307192L, -381059654L, 724968912L, 
-1252983828L, 632332180L, -547122222L, 807176032L, 1229192524L, 
1438801184L, 2025399170L, 2041443048L, -39516948L, 1323876924L, 
882074482L, -1526613392L, -283717596L, -1700946120L, -318602086L, 
707123920L, 1030883516L, 212448916L, 672722562L, -1303921472L, 
-464137924L, 115517584L, -1627618782L, -662643192L, 1305196812L, 
-1222276452L, -813930990L, -1676974720L, -137669100L, -453308888L, 
-63351494L, 1669674960L, -563985812L, -996405452L, -704701806L, 
-614811296L, 119540044L, -110133280L, -1957939294L, 1514999720L, 
-1810668660L, -1233717572L, -366576782L, -140764944L, 1022914628L, 
-1815659176L, -1394170822L, -450978960L, 177146940L, 398705428L, 
-1672969790L, 51110112L, -1342126212L, -1110649136L, -417536350L, 
2075688L, 1320194316L, -2060268612L, 976133426L, -758974528L, 
1884213812L, 1132747720L, 1309865146L, -368656496L, -1362399764L, 
-806440876L, -2040320366L, -1522609376L, 1185424844L, -139625504L, 
179141499L, 1498105420L, 1630394330L, 1068574159L, 1440928665L, 
-747355218L, -785905476L, -1051033299L, -415608105L, 125287200L, 
1808079998L, 1189257803L, -57102259L, 655289978L, -145992008L, 
2057196641L, 1764046355L, 1672084532L, -1025727934L, 856245847L, 
-1124991583L, 464723558L, 304844388L, 1511386517L, -343728449L, 
335603288L, 191107702L, 375373443L, 561152709L, -1743695902L, 
1105656400L, -1773191303L, 377062571L, 1083001884L, -2021414070L, 
-665580737L, -1003543159L, -221643362L, 680621132L, 1383642653L, 
-925410393L, 1912102608L, 725799022L, -1793386725L, 782137469L, 
1046423146L, -488806648L, -1551763535L, 1585618979L, -1390960348L, 
409777618L, -1183005145L, 2036330609L, 1484625590L, 714394196L, 
2106975973L, 996090607L, 1148579368L, -2017342842L, -504376141L, 
-290309611L, -1907831694L, 102451392L, -579551959L, 1943602075L, 
-1583164308L, 467400826L, -1101782609L, 630134969L, 243755726L, 
-1779668964L, -1112962163L, -1516947977L, 1306061056L, -1949718690L, 
-1988755413L, 240623405L, -1421139046L, 954327384L, 798708929L, 
651187059L, 2078806164L, -690481886L, -1386003401L, -2045240063L, 
-2029756410L, -161819068L, -1566331019L, 1922196191L, -729145800L, 
1588485654L, 464048675L, 306847205L, -1937320958L, -619448720L, 
-563407847L, 2122569227L, -2055650052L, -410810070L, -1406029985L, 
-1875964183L, -399208962L, -1072700948L, -1128363715L, -917776121L, 
-1827141392L, -566053746L, -1180348741L, -402334051L, 1257122378L, 
134441064L, -6113199L, 2036804419L, 226860612L, 1220828402L, 
75684039L, 427162257L, -759618538L, -1713205644L, -1105495803L, 
-1266485425L, 77799752L, 415157478L, -1688739309L, -114215563L, 
1475660114L, 245440928L, -2033911671L, 17371323L, -1133589748L, 
-426100070L, -568856561L, -373361575L, -809404178L, -702907524L, 
-956069907L, 1647820951L, 2087963488L, 1653402430L, 1126106123L, 
